00701
00001
14701
00001
00901
00051
14901
00006
00EE1
FFFFD
11CE1
00002
11BE1
00001
11AE1
00000
00701
00080
10301
00100
14301
0000F
0C103
00077
0C137
00077
00401
00800
14401
00010
00601
00008
00701
00001
00200
00800
14701
0000E
00701
00080
00901
0005F
14901
00006
10301
00101
14301
0000F
0C103
00077
0C137
00077
00401
00882
14401
00010
00701
00001
00800
00601
00008
FFF00
14701
0000E
11B01
00100
11C01
00101
0E1BC
0006C
11C01
00102
10AE1
00000
10BE1
00001
10CE1
00002
00EE1
00003
15000
0E186
0005C
00481
00800
10741
00000
00881
00001
00227
0FF10
00051
00B20
00200
12000
0E186
0006A
00481
00882
10741
00000
00881
00001
00227
0FF10
0005F
00C20
12000
11B01
00102
10AE1
00000
10BE1
00001
10CE1
00002
00EE1
00003
15000
10AE1
00000
10BE1
00001
10CE1
00002
00EE1
00003
15000
00000
00000
00000
00000
00000
00000
00000
00000
00000
00000
00000
00000
00000
00000
00000
00000
00000
00000
00000
00000
00000
00000
00000
00000
00000
00000
00000
00000
00000
00000
00000
00000
00000
00000
00000
00000
00000
00000
00000
00000
00000
00000
00000
00000
00000
00000
00000
00000
00000
00000
00000
00000
00000
00000
00000
00000
00000
00000
00000
00000
00000
00000
00000
00000
00000
00000
00000
00000
00000
00000
00000
00000
00000
00000
00000
00000
00000
00000
00000
00000
00000
00000
00000
00000
00000
00000
00000
00000
00000
00000
00000
00000
00000
00000
00000
00000
00000
00000
00000
00000
00000
00000
00000
00000
00000
00000
00000
00000
00000
00000
00000
00000
00000
00000
00000
00000
00000
00000
00000
00000
00000
00000
00000
00000
00000
00000
00000
00000
00000
00006
