000 00901 00000000 00000001 00000000 00000000 00000000 00000000 00000000 00000000 00000000 00000000 00000000 00000000 00000000 00000000 00000000 00000000 
002 14901 00000000 00000002 00000000 00000000 00000000 00000000 00000000 00000000 00000000 00000001 00000000 00000000 00000000 00000000 00000000 00000000 
004 00901 00000000 00000041 00000000 00000000 00000000 00000000 00000000 00000000 00000000 00000001 00000000 00000000 00000000 00000000 00000000 00000000 
006 14901 00000000 00000006 00000000 00000000 00000000 00000000 00000000 00000000 00000000 00000041 00000000 00000000 00000000 00000000 00000000 00000000 
008 00301 00000000 00000001 00000000 00000000 00000000 00000000 00000000 00000000 00000000 00000041 00000000 00000000 00000000 00000000 00000000 00000000 
00A 00401 00000000 00000EFF 00000000 00000001 00000000 00000000 00000000 00000000 00000000 00000041 00000000 00000000 00000000 00000000 00000000 00000000 
00C 00EE1 00000000 FFFFFFFC 00000000 00000001 00000EFF 00000000 00000000 00000000 00000000 00000041 00000000 00000000 00000000 00000000 00000000 00000000 
00E 11FE1 00000000 00000003 00000000 00000001 00000EFF 00000000 00000000 00000000 00000000 00000041 00000000 00000000 00000000 00000000 FFFFFFFC 00000000 
010 11CE1 00000000 00000002 00000000 00000001 00000EFF 00000000 00000000 00000000 00000000 00000041 00000000 00000000 00000000 00000000 FFFFFFFC 00000000 
012 11BE1 00000000 00000001 00000000 00000001 00000EFF 00000000 00000000 00000000 00000000 00000041 00000000 00000000 00000000 00000000 FFFFFFFC 00000000 
014 11AE1 00000000 00000000 00000000 00000001 00000EFF 00000000 00000000 00000000 00000000 00000041 00000000 00000000 00000000 00000000 FFFFFFFC 00000000 
016 00A01 00000000 00000001 00000000 00000001 00000EFF 00000000 00000000 00000000 00000000 00000041 00000000 00000000 00000000 00000000 FFFFFFFC 00000000 
018 11A01 00000000 00000100 00000000 00000001 00000EFF 00000000 00000000 00000000 00000000 00000041 00000001 00000000 00000000 00000000 FFFFFFFC 00000000 
01A 00B01 00000000 00000001 00000000 00000001 00000EFF 00000000 00000000 00000000 00000000 00000041 00000001 00000000 00000000 00000000 FFFFFFFC 00000000 
01C 11B01 00000000 00000101 00000000 00000001 00000EFF 00000000 00000000 00000000 00000000 00000041 00000001 00000001 00000000 00000000 FFFFFFFC 00000000 
01E 00901 00000000 00000001 00000000 00000001 00000EFF 00000000 00000000 00000000 00000000 00000041 00000001 00000001 00000000 00000000 FFFFFFFC 00000000 
020 06991 00000000 00000013 00000000 00000001 00000EFF 00000000 00000000 00000000 00000000 00000001 00000001 00000001 00000000 00000000 FFFFFFFC 00000000 
022 0FF10 00000000 00000024 00000000 00000001 00000EFF 00000000 00000000 00000000 00000000 00080000 00000001 00000001 00000000 00000000 FFFFFFFC 00000000 
024 0C134 00000000 00000036 00000000 00000001 00000EFF 00000000 00000000 00000000 00000000 00080000 00000001 00000001 00000000 00000000 FFFFFFFC 00000024 
026 00C00 00000000 00000036 00000000 00000001 00000EFF 00000000 00000000 00000000 00000000 00080000 00000001 00000001 00000000 00000000 FFFFFFFC 00000024 
027 00CAB 00000000 00000036 00000000 00000001 00000EFF 00000000 00000000 00000000 00000000 00080000 00000001 00000001 00000000 00000000 FFFFFFFC 00000024 
028 0C1C9 00000000 00000036 00000000 00000001 00000EFF 00000000 00000000 00000000 00000000 00080000 00000001 00000001 00000002 00000000 FFFFFFFC 00000024 
02A 11C31 00000000 00000101 00000000 00000001 00000EFF 00000000 00000000 00000000 00000000 00080000 00000001 00000001 00000002 00000000 FFFFFFFC 00000024 
02C 00A00 00000000 00000101 00000000 00000001 00000EFF 00000000 00000000 00000000 00000000 00080000 00000001 00000001 00000002 00000000 FFFFFFFC 00000024 
02D 00A0B 00000000 00000101 00000000 00000001 00000EFF 00000000 00000000 00000000 00000000 00080000 00000000 00000001 00000002 00000000 FFFFFFFC 00000024 
02E 00B00 00000000 00000101 00000000 00000001 00000EFF 00000000 00000000 00000000 00000000 00080000 00000001 00000001 00000002 00000000 FFFFFFFC 00000024 
02F 00B0C 00000000 00000101 00000000 00000001 00000EFF 00000000 00000000 00000000 00000000 00080000 00000001 00000000 00000002 00000000 FFFFFFFC 00000024 
030 00331 00000000 00000001 00000000 00000001 00000EFF 00000000 00000000 00000000 00000000 00080000 00000001 00000002 00000002 00000000 FFFFFFFC 00000024 
032 14C01 00000000 0000000A 00000000 00000002 00000EFF 00000000 00000000 00000000 00000000 00080000 00000001 00000002 00000002 00000000 FFFFFFFC 00000024 
034 0FF10 00000000 00000024 00000000 00000002 00000EFF 00000000 00000000 00000000 00000000 00080000 00000001 00000002 00000002 00000000 FFFFFFFC 00000024 
024 0C134 00000000 00000036 00000000 00000002 00000EFF 00000000 00000000 00000000 00000000 00080000 00000001 00000002 00000002 00000000 FFFFFFFC 00000036 
026 00C00 00000000 00000036 00000000 00000002 00000EFF 00000000 00000000 00000000 00000000 00080000 00000001 00000002 00000002 00000000 FFFFFFFC 00000036 
027 00CAB 00000000 00000036 00000000 00000002 00000EFF 00000000 00000000 00000000 00000000 00080000 00000001 00000002 00000000 00000000 FFFFFFFC 00000036 
028 0C1C9 00000000 00000036 00000000 00000002 00000EFF 00000000 00000000 00000000 00000000 00080000 00000001 00000002 00000003 00000000 FFFFFFFC 00000036 
02A 11C31 00000000 00000101 00000000 00000002 00000EFF 00000000 00000000 00000000 00000000 00080000 00000001 00000002 00000003 00000000 FFFFFFFC 00000036 
02C 00A00 00000000 00000101 00000000 00000002 00000EFF 00000000 00000000 00000000 00000000 00080000 00000001 00000002 00000003 00000000 FFFFFFFC 00000036 
02D 00A0B 00000000 00000101 00000000 00000002 00000EFF 00000000 00000000 00000000 00000000 00080000 00000000 00000002 00000003 00000000 FFFFFFFC 00000036 
02E 00B00 00000000 00000101 00000000 00000002 00000EFF 00000000 00000000 00000000 00000000 00080000 00000002 00000002 00000003 00000000 FFFFFFFC 00000036 
02F 00B0C 00000000 00000101 00000000 00000002 00000EFF 00000000 00000000 00000000 00000000 00080000 00000002 00000000 00000003 00000000 FFFFFFFC 00000036 
030 00331 00000000 00000001 00000000 00000002 00000EFF 00000000 00000000 00000000 00000000 00080000 00000002 00000003 00000003 00000000 FFFFFFFC 00000036 
032 14C01 00000000 0000000A 00000000 00000003 00000EFF 00000000 00000000 00000000 00000000 00080000 00000002 00000003 00000003 00000000 FFFFFFFC 00000036 
034 0FF10 00000000 00000024 00000000 00000003 00000EFF 00000000 00000000 00000000 00000000 00080000 00000002 00000003 00000003 00000000 FFFFFFFC 00000036 
024 0C134 00000000 00000036 00000000 00000003 00000EFF 00000000 00000000 00000000 00000000 00080000 00000002 00000003 00000003 00000000 FFFFFFFC 00000036 
026 00C00 00000000 00000036 00000000 00000003 00000EFF 00000000 00000000 00000000 00000000 00080000 00000002 00000003 00000003 00000000 FFFFFFFC 00000036 
027 00CAB 00000000 00000036 00000000 00000003 00000EFF 00000000 00000000 00000000 00000000 00080000 00000002 00000003 00000000 00000000 FFFFFFFC 00000036 
028 0C1C9 00000000 00000036 00000000 00000003 00000EFF 00000000 00000000 00000000 00000000 00080000 00000002 00000003 00000005 00000000 FFFFFFFC 00000036 
02A 11C31 00000000 00000101 00000000 00000003 00000EFF 00000000 00000000 00000000 00000000 00080000 00000002 00000003 00000005 00000000 FFFFFFFC 00000036 
02C 00A00 00000000 00000101 00000000 00000003 00000EFF 00000000 00000000 00000000 00000000 00080000 00000002 00000003 00000005 00000000 FFFFFFFC 00000036 
02D 00A0B 00000000 00000101 00000000 00000003 00000EFF 00000000 00000000 00000000 00000000 00080000 00000000 00000003 00000005 00000000 FFFFFFFC 00000036 
02E 00B00 00000000 00000101 00000000 00000003 00000EFF 00000000 00000000 00000000 00000000 00080000 00000003 00000003 00000005 00000000 FFFFFFFC 00000036 
02F 00B0C 00000000 00000101 00000000 00000003 00000EFF 00000000 00000000 00000000 00000000 00080000 00000003 00000000 00000005 00000000 FFFFFFFC 00000036 
030 00331 00000000 00000001 00000000 00000003 00000EFF 00000000 00000000 00000000 00000000 00080000 00000003 00000005 00000005 00000000 FFFFFFFC 00000036 
032 14C01 00000000 0000000A 00000000 00000004 00000EFF 00000000 00000000 00000000 00000000 00080000 00000003 00000005 00000005 00000000 FFFFFFFC 00000036 
034 0FF10 00000000 00000024 00000000 00000004 00000EFF 00000000 00000000 00000000 00000000 00080000 00000003 00000005 00000005 00000000 FFFFFFFC 00000036 
024 0C134 00000000 00000036 00000000 00000004 00000EFF 00000000 00000000 00000000 00000000 00080000 00000003 00000005 00000005 00000000 FFFFFFFC 00000036 
041 13801 00000000 00000009 00000000 00000004 00000EFF 00000000 00000000 00000000 00000000 00080000 00000003 00000005 00000005 00000000 FFFFFFFC 00000036 
043 06881 00000000 00000001 00000000 00000004 00000EFF 00000000 00000000 00000000 00000000 00080000 00000003 00000005 00000005 00000000 FFFFFFFC 00000036 
045 04881 00000000 00000001 00000000 00000004 00000EFF 00000000 00000000 00000000 00000000 00080000 00000003 00000005 00000005 00000000 FFFFFFFC 00000036 
047 14801 00000000 00000009 00000000 00000004 00000EFF 00000000 00000000 00000000 00000001 00080000 00000003 00000005 00000005 00000000 FFFFFFFC 00000036 
049 00801 00000000 000000FF 00000000 00000004 00000EFF 00000000 00000000 00000000 00000001 00080000 00000003 00000005 00000005 00000000 FFFFFFFC 00000036 
04B 14801 00000000 00000015 00000000 00000004 00000EFF 00000000 00000000 00000000 000000FF 00080000 00000003 00000005 00000005 00000000 FFFFFFFC 00000036 
04D 00801 00000000 00000001 00000000 00000004 00000EFF 00000000 00000000 00000000 000000FF 00080000 00000003 00000005 00000005 00000000 FFFFFFFC 00000036 
04F 14801 00000000 00000016 00000000 00000004 00000EFF 00000000 00000000 00000000 00000001 00080000 00000003 00000005 00000005 00000000 FFFFFFFC 00000036 
051 13801 00000000 00000014 00000000 00000004 00000EFF 00000000 00000000 00000000 00000001 00080000 00000003 00000005 00000005 00000000 FFFFFFFC 00000036 
053 00881 00000000 00000101 00000000 00000004 00000EFF 00000000 00000000 00000000 00000000 00080000 00000003 00000005 00000005 00000000 FFFFFFFC 00000036 
055 14801 00000000 00000014 00000000 00000004 00000EFF 00000000 00000000 00000000 00000101 00080000 00000003 00000005 00000005 00000000 FFFFFFFC 00000036 
057 12000 00000000 00000014 00000000 00000004 00000EFF 00000000 00000000 00000000 00000101 00080000 00000003 00000005 00000005 00000000 FFFFFFFC 00000036 
026 00C00 00000000 00000014 00000000 00000004 00000EFF 00000000 00000000 00000000 00000101 00080000 00000003 00000005 00000005 00000000 FFFFFFFC 00000036 
027 00CAB 00000000 00000014 00000000 00000004 00000EFF 00000000 00000000 00000000 00000101 00080000 00000003 00000005 00000000 00000000 FFFFFFFC 00000036 
028 0C1C9 00000000 00000036 00000000 00000004 00000EFF 00000000 00000000 00000000 00000101 00080000 00000003 00000005 00000008 00000000 FFFFFFFC 00000036 
02A 11C31 00000000 00000101 00000000 00000004 00000EFF 00000000 00000000 00000000 00000101 00080000 00000003 00000005 00000008 00000000 FFFFFFFC 00000036 
02C 00A00 00000000 00000101 00000000 00000004 00000EFF 00000000 00000000 00000000 00000101 00080000 00000003 00000005 00000008 00000000 FFFFFFFC 00000036 
02D 00A0B 00000000 00000101 00000000 00000004 00000EFF 00000000 00000000 00000000 00000101 00080000 00000000 00000005 00000008 00000000 FFFFFFFC 00000036 
02E 00B00 00000000 00000101 00000000 00000004 00000EFF 00000000 00000000 00000000 00000101 00080000 00000005 00000005 00000008 00000000 FFFFFFFC 00000036 
02F 00B0C 00000000 00000101 00000000 00000004 00000EFF 00000000 00000000 00000000 00000101 00080000 00000005 00000000 00000008 00000000 FFFFFFFC 00000036 
030 00331 00000000 00000001 00000000 00000004 00000EFF 00000000 00000000 00000000 00000101 00080000 00000005 00000008 00000008 00000000 FFFFFFFC 00000036 
032 14C01 00000000 0000000A 00000000 00000005 00000EFF 00000000 00000000 00000000 00000101 00080000 00000005 00000008 00000008 00000000 FFFFFFFC 00000036 
034 0FF10 00000000 00000024 00000000 00000005 00000EFF 00000000 00000000 00000000 00000101 00080000 00000005 00000008 00000008 00000000 FFFFFFFC 00000036 
024 0C134 00000000 00000036 00000000 00000005 00000EFF 00000000 00000000 00000000 00000101 00080000 00000005 00000008 00000008 00000000 FFFFFFFC 00000036 
026 00C00 00000000 00000036 00000000 00000005 00000EFF 00000000 00000000 00000000 00000101 00080000 00000005 00000008 00000008 00000000 FFFFFFFC 00000036 
027 00CAB 00000000 00000036 00000000 00000005 00000EFF 00000000 00000000 00000000 00000101 00080000 00000005 00000008 00000000 00000000 FFFFFFFC 00000036 
028 0C1C9 00000000 00000036 00000000 00000005 00000EFF 00000000 00000000 00000000 00000101 00080000 00000005 00000008 0000000D 00000000 FFFFFFFC 00000036 
02A 11C31 00000000 00000101 00000000 00000005 00000EFF 00000000 00000000 00000000 00000101 00080000 00000005 00000008 0000000D 00000000 FFFFFFFC 00000036 
02C 00A00 00000000 00000101 00000000 00000005 00000EFF 00000000 00000000 00000000 00000101 00080000 00000005 00000008 0000000D 00000000 FFFFFFFC 00000036 
02D 00A0B 00000000 00000101 00000000 00000005 00000EFF 00000000 00000000 00000000 00000101 00080000 00000000 00000008 0000000D 00000000 FFFFFFFC 00000036 
02E 00B00 00000000 00000101 00000000 00000005 00000EFF 00000000 00000000 00000000 00000101 00080000 00000008 00000008 0000000D 00000000 FFFFFFFC 00000036 
02F 00B0C 00000000 00000101 00000000 00000005 00000EFF 00000000 00000000 00000000 00000101 00080000 00000008 00000000 0000000D 00000000 FFFFFFFC 00000036 
030 00331 00000000 00000001 00000000 00000005 00000EFF 00000000 00000000 00000000 00000101 00080000 00000008 0000000D 0000000D 00000000 FFFFFFFC 00000036 
032 14C01 00000000 0000000A 00000000 00000006 00000EFF 00000000 00000000 00000000 00000101 00080000 00000008 0000000D 0000000D 00000000 FFFFFFFC 00000036 
034 0FF10 00000000 00000024 00000000 00000006 00000EFF 00000000 00000000 00000000 00000101 00080000 00000008 0000000D 0000000D 00000000 FFFFFFFC 00000036 
024 0C134 00000000 00000036 00000000 00000006 00000EFF 00000000 00000000 00000000 00000101 00080000 00000008 0000000D 0000000D 00000000 FFFFFFFC 00000036 
026 00C00 00000000 00000036 00000000 00000006 00000EFF 00000000 00000000 00000000 00000101 00080000 00000008 0000000D 0000000D 00000000 FFFFFFFC 00000036 
027 00CAB 00000000 00000036 00000000 00000006 00000EFF 00000000 00000000 00000000 00000101 00080000 00000008 0000000D 00000000 00000000 FFFFFFFC 00000036 
028 0C1C9 00000000 00000036 00000000 00000006 00000EFF 00000000 00000000 00000000 00000101 00080000 00000008 0000000D 00000015 00000000 FFFFFFFC 00000036 
02A 11C31 00000000 00000101 00000000 00000006 00000EFF 00000000 00000000 00000000 00000101 00080000 00000008 0000000D 00000015 00000000 FFFFFFFC 00000036 
02C 00A00 00000000 00000101 00000000 00000006 00000EFF 00000000 00000000 00000000 00000101 00080000 00000008 0000000D 00000015 00000000 FFFFFFFC 00000036 
02D 00A0B 00000000 00000101 00000000 00000006 00000EFF 00000000 00000000 00000000 00000101 00080000 00000000 0000000D 00000015 00000000 FFFFFFFC 00000036 
02E 00B00 00000000 00000101 00000000 00000006 00000EFF 00000000 00000000 00000000 00000101 00080000 0000000D 0000000D 00000015 00000000 FFFFFFFC 00000036 
02F 00B0C 00000000 00000101 00000000 00000006 00000EFF 00000000 00000000 00000000 00000101 00080000 0000000D 00000000 00000015 00000000 FFFFFFFC 00000036 
030 00331 00000000 00000001 00000000 00000006 00000EFF 00000000 00000000 00000000 00000101 00080000 0000000D 00000015 00000015 00000000 FFFFFFFC 00000036 
032 14C01 00000000 0000000A 00000000 00000007 00000EFF 00000000 00000000 00000000 00000101 00080000 0000000D 00000015 00000015 00000000 FFFFFFFC 00000036 
034 0FF10 00000000 00000024 00000000 00000007 00000EFF 00000000 00000000 00000000 00000101 00080000 0000000D 00000015 00000015 00000000 FFFFFFFC 00000036 
024 0C134 00000000 00000036 00000000 00000007 00000EFF 00000000 00000000 00000000 00000101 00080000 0000000D 00000015 00000015 00000000 FFFFFFFC 00000036 
026 00C00 00000000 00000036 00000000 00000007 00000EFF 00000000 00000000 00000000 00000101 00080000 0000000D 00000015 00000015 00000000 FFFFFFFC 00000036 
027 00CAB 00000000 00000036 00000000 00000007 00000EFF 00000000 00000000 00000000 00000101 00080000 0000000D 00000015 00000000 00000000 FFFFFFFC 00000036 
028 0C1C9 00000000 00000036 00000000 00000007 00000EFF 00000000 00000000 00000000 00000101 00080000 0000000D 00000015 00000022 00000000 FFFFFFFC 00000036 
02A 11C31 00000000 00000101 00000000 00000007 00000EFF 00000000 00000000 00000000 00000101 00080000 0000000D 00000015 00000022 00000000 FFFFFFFC 00000036 
02C 00A00 00000000 00000101 00000000 00000007 00000EFF 00000000 00000000 00000000 00000101 00080000 0000000D 00000015 00000022 00000000 FFFFFFFC 00000036 
02D 00A0B 00000000 00000101 00000000 00000007 00000EFF 00000000 00000000 00000000 00000101 00080000 00000000 00000015 00000022 00000000 FFFFFFFC 00000036 
02E 00B00 00000000 00000101 00000000 00000007 00000EFF 00000000 00000000 00000000 00000101 00080000 00000015 00000015 00000022 00000000 FFFFFFFC 00000036 
02F 00B0C 00000000 00000101 00000000 00000007 00000EFF 00000000 00000000 00000000 00000101 00080000 00000015 00000000 00000022 00000000 FFFFFFFC 00000036 
030 00331 00000000 00000001 00000000 00000007 00000EFF 00000000 00000000 00000000 00000101 00080000 00000015 00000022 00000022 00000000 FFFFFFFC 00000036 
032 14C01 00000000 0000000A 00000000 00000008 00000EFF 00000000 00000000 00000000 00000101 00080000 00000015 00000022 00000022 00000000 FFFFFFFC 00000036 
034 0FF10 00000000 00000024 00000000 00000008 00000EFF 00000000 00000000 00000000 00000101 00080000 00000015 00000022 00000022 00000000 FFFFFFFC 00000036 
024 0C134 00000000 00000036 00000000 00000008 00000EFF 00000000 00000000 00000000 00000101 00080000 00000015 00000022 00000022 00000000 FFFFFFFC 00000036 
041 13801 00000000 00000009 00000000 00000008 00000EFF 00000000 00000000 00000000 00000101 00080000 00000015 00000022 00000022 00000000 FFFFFFFC 00000036 
043 06881 00000000 00000001 00000000 00000008 00000EFF 00000000 00000000 00000000 00000001 00080000 00000015 00000022 00000022 00000000 FFFFFFFC 00000036 
045 04881 00000000 00000001 00000000 00000008 00000EFF 00000000 00000000 00000000 00000002 00080000 00000015 00000022 00000022 00000000 FFFFFFFC 00000036 
047 14801 00000000 00000009 00000000 00000008 00000EFF 00000000 00000000 00000000 00000003 00080000 00000015 00000022 00000022 00000000 FFFFFFFC 00000036 
049 00801 00000000 000000FF 00000000 00000008 00000EFF 00000000 00000000 00000000 00000003 00080000 00000015 00000022 00000022 00000000 FFFFFFFC 00000036 
04B 14801 00000000 00000015 00000000 00000008 00000EFF 00000000 00000000 00000000 000000FF 00080000 00000015 00000022 00000022 00000000 FFFFFFFC 00000036 
04D 00801 00000000 00000001 00000000 00000008 00000EFF 00000000 00000000 00000000 000000FF 00080000 00000015 00000022 00000022 00000000 FFFFFFFC 00000036 
04F 14801 00000000 00000016 00000000 00000008 00000EFF 00000000 00000000 00000000 00000001 00080000 00000015 00000022 00000022 00000000 FFFFFFFC 00000036 
051 13801 00000000 00000014 00000000 00000008 00000EFF 00000000 00000000 00000000 00000001 00080000 00000015 00000022 00000022 00000000 FFFFFFFC 00000036 
053 00881 00000000 00000101 00000000 00000008 00000EFF 00000000 00000000 00000000 00000101 00080000 00000015 00000022 00000022 00000000 FFFFFFFC 00000036 
055 14801 00000000 00000014 00000000 00000008 00000EFF 00000000 00000000 00000000 00000202 00080000 00000015 00000022 00000022 00000000 FFFFFFFC 00000036 
057 12000 00000000 00000014 00000000 00000008 00000EFF 00000000 00000000 00000000 00000202 00080000 00000015 00000022 00000022 00000000 FFFFFFFC 00000036 
026 00C00 00000000 00000014 00000000 00000008 00000EFF 00000000 00000000 00000000 00000202 00080000 00000015 00000022 00000022 00000000 FFFFFFFC 00000036 
027 00CAB 00000000 00000014 00000000 00000008 00000EFF 00000000 00000000 00000000 00000202 00080000 00000015 00000022 00000000 00000000 FFFFFFFC 00000036 
028 0C1C9 00000000 00000036 00000000 00000008 00000EFF 00000000 00000000 00000000 00000202 00080000 00000015 00000022 00000037 00000000 FFFFFFFC 00000036 
02A 11C31 00000000 00000101 00000000 00000008 00000EFF 00000000 00000000 00000000 00000202 00080000 00000015 00000022 00000037 00000000 FFFFFFFC 00000036 
02C 00A00 00000000 00000101 00000000 00000008 00000EFF 00000000 00000000 00000000 00000202 00080000 00000015 00000022 00000037 00000000 FFFFFFFC 00000036 
02D 00A0B 00000000 00000101 00000000 00000008 00000EFF 00000000 00000000 00000000 00000202 00080000 00000000 00000022 00000037 00000000 FFFFFFFC 00000036 
02E 00B00 00000000 00000101 00000000 00000008 00000EFF 00000000 00000000 00000000 00000202 00080000 00000022 00000022 00000037 00000000 FFFFFFFC 00000036 
02F 00B0C 00000000 00000101 00000000 00000008 00000EFF 00000000 00000000 00000000 00000202 00080000 00000022 00000000 00000037 00000000 FFFFFFFC 00000036 
030 00331 00000000 00000001 00000000 00000008 00000EFF 00000000 00000000 00000000 00000202 00080000 00000022 00000037 00000037 00000000 FFFFFFFC 00000036 
032 14C01 00000000 0000000A 00000000 00000009 00000EFF 00000000 00000000 00000000 00000202 00080000 00000022 00000037 00000037 00000000 FFFFFFFC 00000036 
034 0FF10 00000000 00000024 00000000 00000009 00000EFF 00000000 00000000 00000000 00000202 00080000 00000022 00000037 00000037 00000000 FFFFFFFC 00000036 
024 0C134 00000000 00000036 00000000 00000009 00000EFF 00000000 00000000 00000000 00000202 00080000 00000022 00000037 00000037 00000000 FFFFFFFC 00000036 
026 00C00 00000000 00000036 00000000 00000009 00000EFF 00000000 00000000 00000000 00000202 00080000 00000022 00000037 00000037 00000000 FFFFFFFC 00000036 
027 00CAB 00000000 00000036 00000000 00000009 00000EFF 00000000 00000000 00000000 00000202 00080000 00000022 00000037 00000000 00000000 FFFFFFFC 00000036 
028 0C1C9 00000000 00000036 00000000 00000009 00000EFF 00000000 00000000 00000000 00000202 00080000 00000022 00000037 00000059 00000000 FFFFFFFC 00000036 
02A 11C31 00000000 00000101 00000000 00000009 00000EFF 00000000 00000000 00000000 00000202 00080000 00000022 00000037 00000059 00000000 FFFFFFFC 00000036 
02C 00A00 00000000 00000101 00000000 00000009 00000EFF 00000000 00000000 00000000 00000202 00080000 00000022 00000037 00000059 00000000 FFFFFFFC 00000036 
02D 00A0B 00000000 00000101 00000000 00000009 00000EFF 00000000 00000000 00000000 00000202 00080000 00000000 00000037 00000059 00000000 FFFFFFFC 00000036 
02E 00B00 00000000 00000101 00000000 00000009 00000EFF 00000000 00000000 00000000 00000202 00080000 00000037 00000037 00000059 00000000 FFFFFFFC 00000036 
02F 00B0C 00000000 00000101 00000000 00000009 00000EFF 00000000 00000000 00000000 00000202 00080000 00000037 00000000 00000059 00000000 FFFFFFFC 00000036 
030 00331 00000000 00000001 00000000 00000009 00000EFF 00000000 00000000 00000000 00000202 00080000 00000037 00000059 00000059 00000000 FFFFFFFC 00000036 
032 14C01 00000000 0000000A 00000000 0000000A 00000EFF 00000000 00000000 00000000 00000202 00080000 00000037 00000059 00000059 00000000 FFFFFFFC 00000036 
034 0FF10 00000000 00000024 00000000 0000000A 00000EFF 00000000 00000000 00000000 00000202 00080000 00000037 00000059 00000059 00000000 FFFFFFFC 00000036 
024 0C134 00000000 00000036 00000000 0000000A 00000EFF 00000000 00000000 00000000 00000202 00080000 00000037 00000059 00000059 00000000 FFFFFFFC 00000036 
026 00C00 00000000 00000036 00000000 0000000A 00000EFF 00000000 00000000 00000000 00000202 00080000 00000037 00000059 00000059 00000000 FFFFFFFC 00000036 
027 00CAB 00000000 00000036 00000000 0000000A 00000EFF 00000000 00000000 00000000 00000202 00080000 00000037 00000059 00000000 00000000 FFFFFFFC 00000036 
028 0C1C9 00000000 00000036 00000000 0000000A 00000EFF 00000000 00000000 00000000 00000202 00080000 00000037 00000059 00000090 00000000 FFFFFFFC 00000036 
02A 11C31 00000000 00000101 00000000 0000000A 00000EFF 00000000 00000000 00000000 00000202 00080000 00000037 00000059 00000090 00000000 FFFFFFFC 00000036 
02C 00A00 00000000 00000101 00000000 0000000A 00000EFF 00000000 00000000 00000000 00000202 00080000 00000037 00000059 00000090 00000000 FFFFFFFC 00000036 
02D 00A0B 00000000 00000101 00000000 0000000A 00000EFF 00000000 00000000 00000000 00000202 00080000 00000000 00000059 00000090 00000000 FFFFFFFC 00000036 
02E 00B00 00000000 00000101 00000000 0000000A 00000EFF 00000000 00000000 00000000 00000202 00080000 00000059 00000059 00000090 00000000 FFFFFFFC 00000036 
02F 00B0C 00000000 00000101 00000000 0000000A 00000EFF 00000000 00000000 00000000 00000202 00080000 00000059 00000000 00000090 00000000 FFFFFFFC 00000036 
030 00331 00000000 00000001 00000000 0000000A 00000EFF 00000000 00000000 00000000 00000202 00080000 00000059 00000090 00000090 00000000 FFFFFFFC 00000036 
032 14C01 00000000 0000000A 00000000 0000000B 00000EFF 00000000 00000000 00000000 00000202 00080000 00000059 00000090 00000090 00000000 FFFFFFFC 00000036 
034 0FF10 00000000 00000024 00000000 0000000B 00000EFF 00000000 00000000 00000000 00000202 00080000 00000059 00000090 00000090 00000000 FFFFFFFC 00000036 
024 0C134 00000000 00000036 00000000 0000000B 00000EFF 00000000 00000000 00000000 00000202 00080000 00000059 00000090 00000090 00000000 FFFFFFFC 00000036 
026 00C00 00000000 00000036 00000000 0000000B 00000EFF 00000000 00000000 00000000 00000202 00080000 00000059 00000090 00000090 00000000 FFFFFFFC 00000036 
027 00CAB 00000000 00000036 00000000 0000000B 00000EFF 00000000 00000000 00000000 00000202 00080000 00000059 00000090 00000000 00000000 FFFFFFFC 00000036 
028 0C1C9 00000000 00000036 00000000 0000000B 00000EFF 00000000 00000000 00000000 00000202 00080000 00000059 00000090 000000E9 00000000 FFFFFFFC 00000036 
02A 11C31 00000000 00000101 00000000 0000000B 00000EFF 00000000 00000000 00000000 00000202 00080000 00000059 00000090 000000E9 00000000 FFFFFFFC 00000036 
02C 00A00 00000000 00000101 00000000 0000000B 00000EFF 00000000 00000000 00000000 00000202 00080000 00000059 00000090 000000E9 00000000 FFFFFFFC 00000036 
02D 00A0B 00000000 00000101 00000000 0000000B 00000EFF 00000000 00000000 00000000 00000202 00080000 00000000 00000090 000000E9 00000000 FFFFFFFC 00000036 
02E 00B00 00000000 00000101 00000000 0000000B 00000EFF 00000000 00000000 00000000 00000202 00080000 00000090 00000090 000000E9 00000000 FFFFFFFC 00000036 
02F 00B0C 00000000 00000101 00000000 0000000B 00000EFF 00000000 00000000 00000000 00000202 00080000 00000090 00000000 000000E9 00000000 FFFFFFFC 00000036 
030 00331 00000000 00000001 00000000 0000000B 00000EFF 00000000 00000000 00000000 00000202 00080000 00000090 000000E9 000000E9 00000000 FFFFFFFC 00000036 
032 14C01 00000000 0000000A 00000000 0000000C 00000EFF 00000000 00000000 00000000 00000202 00080000 00000090 000000E9 000000E9 00000000 FFFFFFFC 00000036 
034 0FF10 00000000 00000024 00000000 0000000C 00000EFF 00000000 00000000 00000000 00000202 00080000 00000090 000000E9 000000E9 00000000 FFFFFFFC 00000036 
024 0C134 00000000 00000036 00000000 0000000C 00000EFF 00000000 00000000 00000000 00000202 00080000 00000090 000000E9 000000E9 00000000 FFFFFFFC 00000036 
026 00C00 00000000 00000036 00000000 0000000C 00000EFF 00000000 00000000 00000000 00000202 00080000 00000090 000000E9 000000E9 00000000 FFFFFFFC 00000036 
041 13801 00000000 00000009 00000000 0000000C 00000EFF 00000000 00000000 00000000 00000202 00080000 00000090 000000E9 00000000 00000000 FFFFFFFC 00000036 
043 06881 00000000 00000001 00000000 0000000C 00000EFF 00000000 00000000 00000000 00000003 00080000 00000090 000000E9 00000000 00000000 FFFFFFFC 00000036 
045 04881 00000000 00000001 00000000 0000000C 00000EFF 00000000 00000000 00000000 00000006 00080000 00000090 000000E9 00000000 00000000 FFFFFFFC 00000036 
047 14801 00000000 00000009 00000000 0000000C 00000EFF 00000000 00000000 00000000 00000007 00080000 00000090 000000E9 00000000 00000000 FFFFFFFC 00000036 
049 00801 00000000 000000FF 00000000 0000000C 00000EFF 00000000 00000000 00000000 00000007 00080000 00000090 000000E9 00000000 00000000 FFFFFFFC 00000036 
04B 14801 00000000 00000015 00000000 0000000C 00000EFF 00000000 00000000 00000000 000000FF 00080000 00000090 000000E9 00000000 00000000 FFFFFFFC 00000036 
04D 00801 00000000 00000001 00000000 0000000C 00000EFF 00000000 00000000 00000000 000000FF 00080000 00000090 000000E9 00000000 00000000 FFFFFFFC 00000036 
04F 14801 00000000 00000016 00000000 0000000C 00000EFF 00000000 00000000 00000000 00000001 00080000 00000090 000000E9 00000000 00000000 FFFFFFFC 00000036 
051 13801 00000000 00000014 00000000 0000000C 00000EFF 00000000 00000000 00000000 00000001 00080000 00000090 000000E9 00000000 00000000 FFFFFFFC 00000036 
053 00881 00000000 00000101 00000000 0000000C 00000EFF 00000000 00000000 00000000 00000202 00080000 00000090 000000E9 00000000 00000000 FFFFFFFC 00000036 
055 14801 00000000 00000014 00000000 0000000C 00000EFF 00000000 00000000 00000000 00000303 00080000 00000090 000000E9 00000000 00000000 FFFFFFFC 00000036 
057 12000 00000000 00000014 00000000 0000000C 00000EFF 00000000 00000000 00000000 00000303 00080000 00000090 000000E9 00000000 00000000 FFFFFFFC 00000036 
027 00CAB 00000000 00000014 00000000 0000000C 00000EFF 00000000 00000000 00000000 00000303 00080000 00000090 000000E9 00000000 00000000 FFFFFFFC 00000036 
028 0C1C9 00000000 00000036 00000000 0000000C 00000EFF 00000000 00000000 00000000 00000303 00080000 00000090 000000E9 00000179 00000000 FFFFFFFC 00000036 
02A 11C31 00000000 00000101 00000000 0000000C 00000EFF 00000000 00000000 00000000 00000303 00080000 00000090 000000E9 00000179 00000000 FFFFFFFC 00000036 
02C 00A00 00000000 00000101 00000000 0000000C 00000EFF 00000000 00000000 00000000 00000303 00080000 00000090 000000E9 00000179 00000000 FFFFFFFC 00000036 
02D 00A0B 00000000 00000101 00000000 0000000C 00000EFF 00000000 00000000 00000000 00000303 00080000 00000000 000000E9 00000179 00000000 FFFFFFFC 00000036 
02E 00B00 00000000 00000101 00000000 0000000C 00000EFF 00000000 00000000 00000000 00000303 00080000 000000E9 000000E9 00000179 00000000 FFFFFFFC 00000036 
02F 00B0C 00000000 00000101 00000000 0000000C 00000EFF 00000000 00000000 00000000 00000303 00080000 000000E9 00000000 00000179 00000000 FFFFFFFC 00000036 
030 00331 00000000 00000001 00000000 0000000C 00000EFF 00000000 00000000 00000000 00000303 00080000 000000E9 00000179 00000179 00000000 FFFFFFFC 00000036 
032 14C01 00000000 0000000A 00000000 0000000D 00000EFF 00000000 00000000 00000000 00000303 00080000 000000E9 00000179 00000179 00000000 FFFFFFFC 00000036 
034 0FF10 00000000 00000024 00000000 0000000D 00000EFF 00000000 00000000 00000000 00000303 00080000 000000E9 00000179 00000179 00000000 FFFFFFFC 00000036 
024 0C134 00000000 00000036 00000000 0000000D 00000EFF 00000000 00000000 00000000 00000303 00080000 000000E9 00000179 00000179 00000000 FFFFFFFC 00000036 
026 00C00 00000000 00000036 00000000 0000000D 00000EFF 00000000 00000000 00000000 00000303 00080000 000000E9 00000179 00000179 00000000 FFFFFFFC 00000036 
027 00CAB 00000000 00000036 00000000 0000000D 00000EFF 00000000 00000000 00000000 00000303 00080000 000000E9 00000179 00000000 00000000 FFFFFFFC 00000036 
028 0C1C9 00000000 00000036 00000000 0000000D 00000EFF 00000000 00000000 00000000 00000303 00080000 000000E9 00000179 00000262 00000000 FFFFFFFC 00000036 
02A 11C31 00000000 00000101 00000000 0000000D 00000EFF 00000000 00000000 00000000 00000303 00080000 000000E9 00000179 00000262 00000000 FFFFFFFC 00000036 
02C 00A00 00000000 00000101 00000000 0000000D 00000EFF 00000000 00000000 00000000 00000303 00080000 000000E9 00000179 00000262 00000000 FFFFFFFC 00000036 
02D 00A0B 00000000 00000101 00000000 0000000D 00000EFF 00000000 00000000 00000000 00000303 00080000 00000000 00000179 00000262 00000000 FFFFFFFC 00000036 
02E 00B00 00000000 00000101 00000000 0000000D 00000EFF 00000000 00000000 00000000 00000303 00080000 00000179 00000179 00000262 00000000 FFFFFFFC 00000036 
02F 00B0C 00000000 00000101 00000000 0000000D 00000EFF 00000000 00000000 00000000 00000303 00080000 00000179 00000000 00000262 00000000 FFFFFFFC 00000036 
030 00331 00000000 00000001 00000000 0000000D 00000EFF 00000000 00000000 00000000 00000303 00080000 00000179 00000262 00000262 00000000 FFFFFFFC 00000036 
032 14C01 00000000 0000000A 00000000 0000000E 00000EFF 00000000 00000000 00000000 00000303 00080000 00000179 00000262 00000262 00000000 FFFFFFFC 00000036 
034 0FF10 00000000 00000024 00000000 0000000E 00000EFF 00000000 00000000 00000000 00000303 00080000 00000179 00000262 00000262 00000000 FFFFFFFC 00000036 
024 0C134 00000000 00000036 00000000 0000000E 00000EFF 00000000 00000000 00000000 00000303 00080000 00000179 00000262 00000262 00000000 FFFFFFFC 00000036 
026 00C00 00000000 00000036 00000000 0000000E 00000EFF 00000000 00000000 00000000 00000303 00080000 00000179 00000262 00000262 00000000 FFFFFFFC 00000036 
027 00CAB 00000000 00000036 00000000 0000000E 00000EFF 00000000 00000000 00000000 00000303 00080000 00000179 00000262 00000000 00000000 FFFFFFFC 00000036 
028 0C1C9 00000000 00000036 00000000 0000000E 00000EFF 00000000 00000000 00000000 00000303 00080000 00000179 00000262 000003DB 00000000 FFFFFFFC 00000036 
02A 11C31 00000000 00000101 00000000 0000000E 00000EFF 00000000 00000000 00000000 00000303 00080000 00000179 00000262 000003DB 00000000 FFFFFFFC 00000036 
02C 00A00 00000000 00000101 00000000 0000000E 00000EFF 00000000 00000000 00000000 00000303 00080000 00000179 00000262 000003DB 00000000 FFFFFFFC 00000036 
02D 00A0B 00000000 00000101 00000000 0000000E 00000EFF 00000000 00000000 00000000 00000303 00080000 00000000 00000262 000003DB 00000000 FFFFFFFC 00000036 
02E 00B00 00000000 00000101 00000000 0000000E 00000EFF 00000000 00000000 00000000 00000303 00080000 00000262 00000262 000003DB 00000000 FFFFFFFC 00000036 
02F 00B0C 00000000 00000101 00000000 0000000E 00000EFF 00000000 00000000 00000000 00000303 00080000 00000262 00000000 000003DB 00000000 FFFFFFFC 00000036 
030 00331 00000000 00000001 00000000 0000000E 00000EFF 00000000 00000000 00000000 00000303 00080000 00000262 000003DB 000003DB 00000000 FFFFFFFC 00000036 
032 14C01 00000000 0000000A 00000000 0000000F 00000EFF 00000000 00000000 00000000 00000303 00080000 00000262 000003DB 000003DB 00000000 FFFFFFFC 00000036 
034 0FF10 00000000 00000024 00000000 0000000F 00000EFF 00000000 00000000 00000000 00000303 00080000 00000262 000003DB 000003DB 00000000 FFFFFFFC 00000036 
024 0C134 00000000 00000036 00000000 0000000F 00000EFF 00000000 00000000 00000000 00000303 00080000 00000262 000003DB 000003DB 00000000 FFFFFFFC 00000036 
026 00C00 00000000 00000036 00000000 0000000F 00000EFF 00000000 00000000 00000000 00000303 00080000 00000262 000003DB 000003DB 00000000 FFFFFFFC 00000036 
027 00CAB 00000000 00000036 00000000 0000000F 00000EFF 00000000 00000000 00000000 00000303 00080000 00000262 000003DB 00000000 00000000 FFFFFFFC 00000036 
028 0C1C9 00000000 00000036 00000000 0000000F 00000EFF 00000000 00000000 00000000 00000303 00080000 00000262 000003DB 0000063D 00000000 FFFFFFFC 00000036 
02A 11C31 00000000 00000101 00000000 0000000F 00000EFF 00000000 00000000 00000000 00000303 00080000 00000262 000003DB 0000063D 00000000 FFFFFFFC 00000036 
02C 00A00 00000000 00000101 00000000 0000000F 00000EFF 00000000 00000000 00000000 00000303 00080000 00000262 000003DB 0000063D 00000000 FFFFFFFC 00000036 
02D 00A0B 00000000 00000101 00000000 0000000F 00000EFF 00000000 00000000 00000000 00000303 00080000 00000000 000003DB 0000063D 00000000 FFFFFFFC 00000036 
02E 00B00 00000000 00000101 00000000 0000000F 00000EFF 00000000 00000000 00000000 00000303 00080000 000003DB 000003DB 0000063D 00000000 FFFFFFFC 00000036 
02F 00B0C 00000000 00000101 00000000 0000000F 00000EFF 00000000 00000000 00000000 00000303 00080000 000003DB 00000000 0000063D 00000000 FFFFFFFC 00000036 
030 00331 00000000 00000001 00000000 0000000F 00000EFF 00000000 00000000 00000000 00000303 00080000 000003DB 0000063D 0000063D 00000000 FFFFFFFC 00000036 
032 14C01 00000000 0000000A 00000000 00000010 00000EFF 00000000 00000000 00000000 00000303 00080000 000003DB 0000063D 0000063D 00000000 FFFFFFFC 00000036 
034 0FF10 00000000 00000024 00000000 00000010 00000EFF 00000000 00000000 00000000 00000303 00080000 000003DB 0000063D 0000063D 00000000 FFFFFFFC 00000036 
024 0C134 00000000 00000036 00000000 00000010 00000EFF 00000000 00000000 00000000 00000303 00080000 000003DB 0000063D 0000063D 00000000 FFFFFFFC 00000036 
026 00C00 00000000 00000036 00000000 00000010 00000EFF 00000000 00000000 00000000 00000303 00080000 000003DB 0000063D 0000063D 00000000 FFFFFFFC 00000036 
027 00CAB 00000000 00000036 00000000 00000010 00000EFF 00000000 00000000 00000000 00000303 00080000 000003DB 0000063D 00000000 00000000 FFFFFFFC 00000036 
041 13801 00000000 00000009 00000000 00000010 00000EFF 00000000 00000000 00000000 00000303 00080000 000003DB 0000063D 00000A18 00000000 FFFFFFFC 00000036 
043 06881 00000000 00000001 00000000 00000010 00000EFF 00000000 00000000 00000000 00000007 00080000 000003DB 0000063D 00000A18 00000000 FFFFFFFC 00000036 
045 04881 00000000 00000001 00000000 00000010 00000EFF 00000000 00000000 00000000 0000000E 00080000 000003DB 0000063D 00000A18 00000000 FFFFFFFC 00000036 
047 14801 00000000 00000009 00000000 00000010 00000EFF 00000000 00000000 00000000 0000000F 00080000 000003DB 0000063D 00000A18 00000000 FFFFFFFC 00000036 
049 00801 00000000 000000FF 00000000 00000010 00000EFF 00000000 00000000 00000000 0000000F 00080000 000003DB 0000063D 00000A18 00000000 FFFFFFFC 00000036 
04B 14801 00000000 00000015 00000000 00000010 00000EFF 00000000 00000000 00000000 000000FF 00080000 000003DB 0000063D 00000A18 00000000 FFFFFFFC 00000036 
04D 00801 00000000 00000001 00000000 00000010 00000EFF 00000000 00000000 00000000 000000FF 00080000 000003DB 0000063D 00000A18 00000000 FFFFFFFC 00000036 
04F 14801 00000000 00000016 00000000 00000010 00000EFF 00000000 00000000 00000000 00000001 00080000 000003DB 0000063D 00000A18 00000000 FFFFFFFC 00000036 
051 13801 00000000 00000014 00000000 00000010 00000EFF 00000000 00000000 00000000 00000001 00080000 000003DB 0000063D 00000A18 00000000 FFFFFFFC 00000036 
053 00881 00000000 00000101 00000000 00000010 00000EFF 00000000 00000000 00000000 00000303 00080000 000003DB 0000063D 00000A18 00000000 FFFFFFFC 00000036 
055 14801 00000000 00000014 00000000 00000010 00000EFF 00000000 00000000 00000000 00000404 00080000 000003DB 0000063D 00000A18 00000000 FFFFFFFC 00000036 
057 12000 00000000 00000014 00000000 00000010 00000EFF 00000000 00000000 00000000 00000404 00080000 000003DB 0000063D 00000A18 00000000 FFFFFFFC 00000036 
028 0C1C9 00000000 00000036 00000000 00000010 00000EFF 00000000 00000000 00000000 00000404 00080000 000003DB 0000063D 00000A18 00000000 FFFFFFFC 00000036 
02A 11C31 00000000 00000101 00000000 00000010 00000EFF 00000000 00000000 00000000 00000404 00080000 000003DB 0000063D 00000A18 00000000 FFFFFFFC 00000036 
02C 00A00 00000000 00000101 00000000 00000010 00000EFF 00000000 00000000 00000000 00000404 00080000 000003DB 0000063D 00000A18 00000000 FFFFFFFC 00000036 
02D 00A0B 00000000 00000101 00000000 00000010 00000EFF 00000000 00000000 00000000 00000404 00080000 00000000 0000063D 00000A18 00000000 FFFFFFFC 00000036 
02E 00B00 00000000 00000101 00000000 00000010 00000EFF 00000000 00000000 00000000 00000404 00080000 0000063D 0000063D 00000A18 00000000 FFFFFFFC 00000036 
02F 00B0C 00000000 00000101 00000000 00000010 00000EFF 00000000 00000000 00000000 00000404 00080000 0000063D 00000000 00000A18 00000000 FFFFFFFC 00000036 
030 00331 00000000 00000001 00000000 00000010 00000EFF 00000000 00000000 00000000 00000404 00080000 0000063D 00000A18 00000A18 00000000 FFFFFFFC 00000036 
032 14C01 00000000 0000000A 00000000 00000011 00000EFF 00000000 00000000 00000000 00000404 00080000 0000063D 00000A18 00000A18 00000000 FFFFFFFC 00000036 
034 0FF10 00000000 00000024 00000000 00000011 00000EFF 00000000 00000000 00000000 00000404 00080000 0000063D 00000A18 00000A18 00000000 FFFFFFFC 00000036 
024 0C134 00000000 00000036 00000000 00000011 00000EFF 00000000 00000000 00000000 00000404 00080000 0000063D 00000A18 00000A18 00000000 FFFFFFFC 00000036 
026 00C00 00000000 00000036 00000000 00000011 00000EFF 00000000 00000000 00000000 00000404 00080000 0000063D 00000A18 00000A18 00000000 FFFFFFFC 00000036 
027 00CAB 00000000 00000036 00000000 00000011 00000EFF 00000000 00000000 00000000 00000404 00080000 0000063D 00000A18 00000000 00000000 FFFFFFFC 00000036 
028 0C1C9 00000000 00000036 00000000 00000011 00000EFF 00000000 00000000 00000000 00000404 00080000 0000063D 00000A18 00001055 00000000 FFFFFFFC 00000036 
02A 11C31 00000000 00000101 00000000 00000011 00000EFF 00000000 00000000 00000000 00000404 00080000 0000063D 00000A18 00001055 00000000 FFFFFFFC 00000036 
02C 00A00 00000000 00000101 00000000 00000011 00000EFF 00000000 00000000 00000000 00000404 00080000 0000063D 00000A18 00001055 00000000 FFFFFFFC 00000036 
02D 00A0B 00000000 00000101 00000000 00000011 00000EFF 00000000 00000000 00000000 00000404 00080000 00000000 00000A18 00001055 00000000 FFFFFFFC 00000036 
02E 00B00 00000000 00000101 00000000 00000011 00000EFF 00000000 00000000 00000000 00000404 00080000 00000A18 00000A18 00001055 00000000 FFFFFFFC 00000036 
02F 00B0C 00000000 00000101 00000000 00000011 00000EFF 00000000 00000000 00000000 00000404 00080000 00000A18 00000000 00001055 00000000 FFFFFFFC 00000036 
030 00331 00000000 00000001 00000000 00000011 00000EFF 00000000 00000000 00000000 00000404 00080000 00000A18 00001055 00001055 00000000 FFFFFFFC 00000036 
032 14C01 00000000 0000000A 00000000 00000012 00000EFF 00000000 00000000 00000000 00000404 00080000 00000A18 00001055 00001055 00000000 FFFFFFFC 00000036 
034 0FF10 00000000 00000024 00000000 00000012 00000EFF 00000000 00000000 00000000 00000404 00080000 00000A18 00001055 00001055 00000000 FFFFFFFC 00000036 
024 0C134 00000000 00000036 00000000 00000012 00000EFF 00000000 00000000 00000000 00000404 00080000 00000A18 00001055 00001055 00000000 FFFFFFFC 00000036 
026 00C00 00000000 00000036 00000000 00000012 00000EFF 00000000 00000000 00000000 00000404 00080000 00000A18 00001055 00001055 00000000 FFFFFFFC 00000036 
027 00CAB 00000000 00000036 00000000 00000012 00000EFF 00000000 00000000 00000000 00000404 00080000 00000A18 00001055 00000000 00000000 FFFFFFFC 00000036 
028 0C1C9 00000000 00000036 00000000 00000012 00000EFF 00000000 00000000 00000000 00000404 00080000 00000A18 00001055 00001A6D 00000000 FFFFFFFC 00000036 
02A 11C31 00000000 00000101 00000000 00000012 00000EFF 00000000 00000000 00000000 00000404 00080000 00000A18 00001055 00001A6D 00000000 FFFFFFFC 00000036 
02C 00A00 00000000 00000101 00000000 00000012 00000EFF 00000000 00000000 00000000 00000404 00080000 00000A18 00001055 00001A6D 00000000 FFFFFFFC 00000036 
02D 00A0B 00000000 00000101 00000000 00000012 00000EFF 00000000 00000000 00000000 00000404 00080000 00000000 00001055 00001A6D 00000000 FFFFFFFC 00000036 
02E 00B00 00000000 00000101 00000000 00000012 00000EFF 00000000 00000000 00000000 00000404 00080000 00001055 00001055 00001A6D 00000000 FFFFFFFC 00000036 
02F 00B0C 00000000 00000101 00000000 00000012 00000EFF 00000000 00000000 00000000 00000404 00080000 00001055 00000000 00001A6D 00000000 FFFFFFFC 00000036 
030 00331 00000000 00000001 00000000 00000012 00000EFF 00000000 00000000 00000000 00000404 00080000 00001055 00001A6D 00001A6D 00000000 FFFFFFFC 00000036 
032 14C01 00000000 0000000A 00000000 00000013 00000EFF 00000000 00000000 00000000 00000404 00080000 00001055 00001A6D 00001A6D 00000000 FFFFFFFC 00000036 
034 0FF10 00000000 00000024 00000000 00000013 00000EFF 00000000 00000000 00000000 00000404 00080000 00001055 00001A6D 00001A6D 00000000 FFFFFFFC 00000036 
024 0C134 00000000 00000036 00000000 00000013 00000EFF 00000000 00000000 00000000 00000404 00080000 00001055 00001A6D 00001A6D 00000000 FFFFFFFC 00000036 
026 00C00 00000000 00000036 00000000 00000013 00000EFF 00000000 00000000 00000000 00000404 00080000 00001055 00001A6D 00001A6D 00000000 FFFFFFFC 00000036 
027 00CAB 00000000 00000036 00000000 00000013 00000EFF 00000000 00000000 00000000 00000404 00080000 00001055 00001A6D 00000000 00000000 FFFFFFFC 00000036 
028 0C1C9 00000000 00000036 00000000 00000013 00000EFF 00000000 00000000 00000000 00000404 00080000 00001055 00001A6D 00002AC2 00000000 FFFFFFFC 00000036 
02A 11C31 00000000 00000101 00000000 00000013 00000EFF 00000000 00000000 00000000 00000404 00080000 00001055 00001A6D 00002AC2 00000000 FFFFFFFC 00000036 
02C 00A00 00000000 00000101 00000000 00000013 00000EFF 00000000 00000000 00000000 00000404 00080000 00001055 00001A6D 00002AC2 00000000 FFFFFFFC 00000036 
02D 00A0B 00000000 00000101 00000000 00000013 00000EFF 00000000 00000000 00000000 00000404 00080000 00000000 00001A6D 00002AC2 00000000 FFFFFFFC 00000036 
02E 00B00 00000000 00000101 00000000 00000013 00000EFF 00000000 00000000 00000000 00000404 00080000 00001A6D 00001A6D 00002AC2 00000000 FFFFFFFC 00000036 
02F 00B0C 00000000 00000101 00000000 00000013 00000EFF 00000000 00000000 00000000 00000404 00080000 00001A6D 00000000 00002AC2 00000000 FFFFFFFC 00000036 
030 00331 00000000 00000001 00000000 00000013 00000EFF 00000000 00000000 00000000 00000404 00080000 00001A6D 00002AC2 00002AC2 00000000 FFFFFFFC 00000036 
032 14C01 00000000 0000000A 00000000 00000014 00000EFF 00000000 00000000 00000000 00000404 00080000 00001A6D 00002AC2 00002AC2 00000000 FFFFFFFC 00000036 
034 0FF10 00000000 00000024 00000000 00000014 00000EFF 00000000 00000000 00000000 00000404 00080000 00001A6D 00002AC2 00002AC2 00000000 FFFFFFFC 00000036 
024 0C134 00000000 00000036 00000000 00000014 00000EFF 00000000 00000000 00000000 00000404 00080000 00001A6D 00002AC2 00002AC2 00000000 FFFFFFFC 00000036 
026 00C00 00000000 00000036 00000000 00000014 00000EFF 00000000 00000000 00000000 00000404 00080000 00001A6D 00002AC2 00002AC2 00000000 FFFFFFFC 00000036 
027 00CAB 00000000 00000036 00000000 00000014 00000EFF 00000000 00000000 00000000 00000404 00080000 00001A6D 00002AC2 00000000 00000000 FFFFFFFC 00000036 
028 0C1C9 00000000 00000036 00000000 00000014 00000EFF 00000000 00000000 00000000 00000404 00080000 00001A6D 00002AC2 0000452F 00000000 FFFFFFFC 00000036 
041 13801 00000000 00000009 00000000 00000014 00000EFF 00000000 00000000 00000000 00000404 00080000 00001A6D 00002AC2 0000452F 00000000 FFFFFFFC 00000036 
043 06881 00000000 00000001 00000000 00000014 00000EFF 00000000 00000000 00000000 0000000F 00080000 00001A6D 00002AC2 0000452F 00000000 FFFFFFFC 00000036 
045 04881 00000000 00000001 00000000 00000014 00000EFF 00000000 00000000 00000000 0000001E 00080000 00001A6D 00002AC2 0000452F 00000000 FFFFFFFC 00000036 
047 14801 00000000 00000009 00000000 00000014 00000EFF 00000000 00000000 00000000 0000001F 00080000 00001A6D 00002AC2 0000452F 00000000 FFFFFFFC 00000036 
049 00801 00000000 000000FF 00000000 00000014 00000EFF 00000000 00000000 00000000 0000001F 00080000 00001A6D 00002AC2 0000452F 00000000 FFFFFFFC 00000036 
04B 14801 00000000 00000015 00000000 00000014 00000EFF 00000000 00000000 00000000 000000FF 00080000 00001A6D 00002AC2 0000452F 00000000 FFFFFFFC 00000036 
04D 00801 00000000 00000001 00000000 00000014 00000EFF 00000000 00000000 00000000 000000FF 00080000 00001A6D 00002AC2 0000452F 00000000 FFFFFFFC 00000036 
04F 14801 00000000 00000016 00000000 00000014 00000EFF 00000000 00000000 00000000 00000001 00080000 00001A6D 00002AC2 0000452F 00000000 FFFFFFFC 00000036 
051 13801 00000000 00000014 00000000 00000014 00000EFF 00000000 00000000 00000000 00000001 00080000 00001A6D 00002AC2 0000452F 00000000 FFFFFFFC 00000036 
053 00881 00000000 00000101 00000000 00000014 00000EFF 00000000 00000000 00000000 00000404 00080000 00001A6D 00002AC2 0000452F 00000000 FFFFFFFC 00000036 
055 14801 00000000 00000014 00000000 00000014 00000EFF 00000000 00000000 00000000 00000505 00080000 00001A6D 00002AC2 0000452F 00000000 FFFFFFFC 00000036 
057 12000 00000000 00000014 00000000 00000014 00000EFF 00000000 00000000 00000000 00000505 00080000 00001A6D 00002AC2 0000452F 00000000 FFFFFFFC 00000036 
02A 11C31 00000000 00000101 00000000 00000014 00000EFF 00000000 00000000 00000000 00000505 00080000 00001A6D 00002AC2 0000452F 00000000 FFFFFFFC 00000036 
02C 00A00 00000000 00000101 00000000 00000014 00000EFF 00000000 00000000 00000000 00000505 00080000 00001A6D 00002AC2 0000452F 00000000 FFFFFFFC 00000036 
02D 00A0B 00000000 00000101 00000000 00000014 00000EFF 00000000 00000000 00000000 00000505 00080000 00000000 00002AC2 0000452F 00000000 FFFFFFFC 00000036 
02E 00B00 00000000 00000101 00000000 00000014 00000EFF 00000000 00000000 00000000 00000505 00080000 00002AC2 00002AC2 0000452F 00000000 FFFFFFFC 00000036 
02F 00B0C 00000000 00000101 00000000 00000014 00000EFF 00000000 00000000 00000000 00000505 00080000 00002AC2 00000000 0000452F 00000000 FFFFFFFC 00000036 
030 00331 00000000 00000001 00000000 00000014 00000EFF 00000000 00000000 00000000 00000505 00080000 00002AC2 0000452F 0000452F 00000000 FFFFFFFC 00000036 
032 14C01 00000000 0000000A 00000000 00000015 00000EFF 00000000 00000000 00000000 00000505 00080000 00002AC2 0000452F 0000452F 00000000 FFFFFFFC 00000036 
034 0FF10 00000000 00000024 00000000 00000015 00000EFF 00000000 00000000 00000000 00000505 00080000 00002AC2 0000452F 0000452F 00000000 FFFFFFFC 00000036 
024 0C134 00000000 00000036 00000000 00000015 00000EFF 00000000 00000000 00000000 00000505 00080000 00002AC2 0000452F 0000452F 00000000 FFFFFFFC 00000036 
026 00C00 00000000 00000036 00000000 00000015 00000EFF 00000000 00000000 00000000 00000505 00080000 00002AC2 0000452F 0000452F 00000000 FFFFFFFC 00000036 
027 00CAB 00000000 00000036 00000000 00000015 00000EFF 00000000 00000000 00000000 00000505 00080000 00002AC2 0000452F 00000000 00000000 FFFFFFFC 00000036 
028 0C1C9 00000000 00000036 00000000 00000015 00000EFF 00000000 00000000 00000000 00000505 00080000 00002AC2 0000452F 00006FF1 00000000 FFFFFFFC 00000036 
02A 11C31 00000000 00000101 00000000 00000015 00000EFF 00000000 00000000 00000000 00000505 00080000 00002AC2 0000452F 00006FF1 00000000 FFFFFFFC 00000036 
02C 00A00 00000000 00000101 00000000 00000015 00000EFF 00000000 00000000 00000000 00000505 00080000 00002AC2 0000452F 00006FF1 00000000 FFFFFFFC 00000036 
02D 00A0B 00000000 00000101 00000000 00000015 00000EFF 00000000 00000000 00000000 00000505 00080000 00000000 0000452F 00006FF1 00000000 FFFFFFFC 00000036 
02E 00B00 00000000 00000101 00000000 00000015 00000EFF 00000000 00000000 00000000 00000505 00080000 0000452F 0000452F 00006FF1 00000000 FFFFFFFC 00000036 
02F 00B0C 00000000 00000101 00000000 00000015 00000EFF 00000000 00000000 00000000 00000505 00080000 0000452F 00000000 00006FF1 00000000 FFFFFFFC 00000036 
030 00331 00000000 00000001 00000000 00000015 00000EFF 00000000 00000000 00000000 00000505 00080000 0000452F 00006FF1 00006FF1 00000000 FFFFFFFC 00000036 
032 14C01 00000000 0000000A 00000000 00000016 00000EFF 00000000 00000000 00000000 00000505 00080000 0000452F 00006FF1 00006FF1 00000000 FFFFFFFC 00000036 
034 0FF10 00000000 00000024 00000000 00000016 00000EFF 00000000 00000000 00000000 00000505 00080000 0000452F 00006FF1 00006FF1 00000000 FFFFFFFC 00000036 
024 0C134 00000000 00000036 00000000 00000016 00000EFF 00000000 00000000 00000000 00000505 00080000 0000452F 00006FF1 00006FF1 00000000 FFFFFFFC 00000036 
026 00C00 00000000 00000036 00000000 00000016 00000EFF 00000000 00000000 00000000 00000505 00080000 0000452F 00006FF1 00006FF1 00000000 FFFFFFFC 00000036 
027 00CAB 00000000 00000036 00000000 00000016 00000EFF 00000000 00000000 00000000 00000505 00080000 0000452F 00006FF1 00000000 00000000 FFFFFFFC 00000036 
028 0C1C9 00000000 00000036 00000000 00000016 00000EFF 00000000 00000000 00000000 00000505 00080000 0000452F 00006FF1 0000B520 00000000 FFFFFFFC 00000036 
02A 11C31 00000000 00000101 00000000 00000016 00000EFF 00000000 00000000 00000000 00000505 00080000 0000452F 00006FF1 0000B520 00000000 FFFFFFFC 00000036 
02C 00A00 00000000 00000101 00000000 00000016 00000EFF 00000000 00000000 00000000 00000505 00080000 0000452F 00006FF1 0000B520 00000000 FFFFFFFC 00000036 
02D 00A0B 00000000 00000101 00000000 00000016 00000EFF 00000000 00000000 00000000 00000505 00080000 00000000 00006FF1 0000B520 00000000 FFFFFFFC 00000036 
02E 00B00 00000000 00000101 00000000 00000016 00000EFF 00000000 00000000 00000000 00000505 00080000 00006FF1 00006FF1 0000B520 00000000 FFFFFFFC 00000036 
02F 00B0C 00000000 00000101 00000000 00000016 00000EFF 00000000 00000000 00000000 00000505 00080000 00006FF1 00000000 0000B520 00000000 FFFFFFFC 00000036 
030 00331 00000000 00000001 00000000 00000016 00000EFF 00000000 00000000 00000000 00000505 00080000 00006FF1 0000B520 0000B520 00000000 FFFFFFFC 00000036 
032 14C01 00000000 0000000A 00000000 00000017 00000EFF 00000000 00000000 00000000 00000505 00080000 00006FF1 0000B520 0000B520 00000000 FFFFFFFC 00000036 
034 0FF10 00000000 00000024 00000000 00000017 00000EFF 00000000 00000000 00000000 00000505 00080000 00006FF1 0000B520 0000B520 00000000 FFFFFFFC 00000036 
024 0C134 00000000 00000036 00000000 00000017 00000EFF 00000000 00000000 00000000 00000505 00080000 00006FF1 0000B520 0000B520 00000000 FFFFFFFC 00000036 
026 00C00 00000000 00000036 00000000 00000017 00000EFF 00000000 00000000 00000000 00000505 00080000 00006FF1 0000B520 0000B520 00000000 FFFFFFFC 00000036 
027 00CAB 00000000 00000036 00000000 00000017 00000EFF 00000000 00000000 00000000 00000505 00080000 00006FF1 0000B520 00000000 00000000 FFFFFFFC 00000036 
028 0C1C9 00000000 00000036 00000000 00000017 00000EFF 00000000 00000000 00000000 00000505 00080000 00006FF1 0000B520 00012511 00000000 FFFFFFFC 00000036 
02A 11C31 00000000 00000101 00000000 00000017 00000EFF 00000000 00000000 00000000 00000505 00080000 00006FF1 0000B520 00012511 00000000 FFFFFFFC 00000036 
02C 00A00 00000000 00000101 00000000 00000017 00000EFF 00000000 00000000 00000000 00000505 00080000 00006FF1 0000B520 00012511 00000000 FFFFFFFC 00000036 
02D 00A0B 00000000 00000101 00000000 00000017 00000EFF 00000000 00000000 00000000 00000505 00080000 00000000 0000B520 00012511 00000000 FFFFFFFC 00000036 
02E 00B00 00000000 00000101 00000000 00000017 00000EFF 00000000 00000000 00000000 00000505 00080000 0000B520 0000B520 00012511 00000000 FFFFFFFC 00000036 
02F 00B0C 00000000 00000101 00000000 00000017 00000EFF 00000000 00000000 00000000 00000505 00080000 0000B520 00000000 00012511 00000000 FFFFFFFC 00000036 
030 00331 00000000 00000001 00000000 00000017 00000EFF 00000000 00000000 00000000 00000505 00080000 0000B520 00012511 00012511 00000000 FFFFFFFC 00000036 
032 14C01 00000000 0000000A 00000000 00000018 00000EFF 00000000 00000000 00000000 00000505 00080000 0000B520 00012511 00012511 00000000 FFFFFFFC 00000036 
034 0FF10 00000000 00000024 00000000 00000018 00000EFF 00000000 00000000 00000000 00000505 00080000 0000B520 00012511 00012511 00000000 FFFFFFFC 00000036 
024 0C134 00000000 00000036 00000000 00000018 00000EFF 00000000 00000000 00000000 00000505 00080000 0000B520 00012511 00012511 00000000 FFFFFFFC 00000036 
026 00C00 00000000 00000036 00000000 00000018 00000EFF 00000000 00000000 00000000 00000505 00080000 0000B520 00012511 00012511 00000000 FFFFFFFC 00000036 
027 00CAB 00000000 00000036 00000000 00000018 00000EFF 00000000 00000000 00000000 00000505 00080000 0000B520 00012511 00000000 00000000 FFFFFFFC 00000036 
028 0C1C9 00000000 00000036 00000000 00000018 00000EFF 00000000 00000000 00000000 00000505 00080000 0000B520 00012511 0001DA31 00000000 FFFFFFFC 00000036 
02A 11C31 00000000 00000101 00000000 00000018 00000EFF 00000000 00000000 00000000 00000505 00080000 0000B520 00012511 0001DA31 00000000 FFFFFFFC 00000036 
02C 00A00 00000000 00000101 00000000 00000018 00000EFF 00000000 00000000 00000000 00000505 00080000 0000B520 00012511 0001DA31 00000000 FFFFFFFC 00000036 
02D 00A0B 00000000 00000101 00000000 00000018 00000EFF 00000000 00000000 00000000 00000505 00080000 00000000 00012511 0001DA31 00000000 FFFFFFFC 00000036 
02E 00B00 00000000 00000101 00000000 00000018 00000EFF 00000000 00000000 00000000 00000505 00080000 00012511 00012511 0001DA31 00000000 FFFFFFFC 00000036 
02F 00B0C 00000000 00000101 00000000 00000018 00000EFF 00000000 00000000 00000000 00000505 00080000 00012511 00000000 0001DA31 00000000 FFFFFFFC 00000036 
030 00331 00000000 00000001 00000000 00000018 00000EFF 00000000 00000000 00000000 00000505 00080000 00012511 0001DA31 0001DA31 00000000 FFFFFFFC 00000036 
032 14C01 00000000 0000000A 00000000 00000019 00000EFF 00000000 00000000 00000000 00000505 00080000 00012511 0001DA31 0001DA31 00000000 FFFFFFFC 00000036 
034 0FF10 00000000 00000024 00000000 00000019 00000EFF 00000000 00000000 00000000 00000505 00080000 00012511 0001DA31 0001DA31 00000000 FFFFFFFC 00000036 
024 0C134 00000000 00000036 00000000 00000019 00000EFF 00000000 00000000 00000000 00000505 00080000 00012511 0001DA31 0001DA31 00000000 FFFFFFFC 00000036 
026 00C00 00000000 00000036 00000000 00000019 00000EFF 00000000 00000000 00000000 00000505 00080000 00012511 0001DA31 0001DA31 00000000 FFFFFFFC 00000036 
027 00CAB 00000000 00000036 00000000 00000019 00000EFF 00000000 00000000 00000000 00000505 00080000 00012511 0001DA31 00000000 00000000 FFFFFFFC 00000036 
028 0C1C9 00000000 00000036 00000000 00000019 00000EFF 00000000 00000000 00000000 00000505 00080000 00012511 0001DA31 0002FF42 00000000 FFFFFFFC 00000036 
02A 11C31 00000000 00000101 00000000 00000019 00000EFF 00000000 00000000 00000000 00000505 00080000 00012511 0001DA31 0002FF42 00000000 FFFFFFFC 00000036 
02C 00A00 00000000 00000101 00000000 00000019 00000EFF 00000000 00000000 00000000 00000505 00080000 00012511 0001DA31 0002FF42 00000000 FFFFFFFC 00000036 
02D 00A0B 00000000 00000101 00000000 00000019 00000EFF 00000000 00000000 00000000 00000505 00080000 00000000 0001DA31 0002FF42 00000000 FFFFFFFC 00000036 
02E 00B00 00000000 00000101 00000000 00000019 00000EFF 00000000 00000000 00000000 00000505 00080000 0001DA31 0001DA31 0002FF42 00000000 FFFFFFFC 00000036 
02F 00B0C 00000000 00000101 00000000 00000019 00000EFF 00000000 00000000 00000000 00000505 00080000 0001DA31 00000000 0002FF42 00000000 FFFFFFFC 00000036 
030 00331 00000000 00000001 00000000 00000019 00000EFF 00000000 00000000 00000000 00000505 00080000 0001DA31 0002FF42 0002FF42 00000000 FFFFFFFC 00000036 
032 14C01 00000000 0000000A 00000000 0000001A 00000EFF 00000000 00000000 00000000 00000505 00080000 0001DA31 0002FF42 0002FF42 00000000 FFFFFFFC 00000036 
034 0FF10 00000000 00000024 00000000 0000001A 00000EFF 00000000 00000000 00000000 00000505 00080000 0001DA31 0002FF42 0002FF42 00000000 FFFFFFFC 00000036 
024 0C134 00000000 00000036 00000000 0000001A 00000EFF 00000000 00000000 00000000 00000505 00080000 0001DA31 0002FF42 0002FF42 00000000 FFFFFFFC 00000036 
026 00C00 00000000 00000036 00000000 0000001A 00000EFF 00000000 00000000 00000000 00000505 00080000 0001DA31 0002FF42 0002FF42 00000000 FFFFFFFC 00000036 
027 00CAB 00000000 00000036 00000000 0000001A 00000EFF 00000000 00000000 00000000 00000505 00080000 0001DA31 0002FF42 00000000 00000000 FFFFFFFC 00000036 
028 0C1C9 00000000 00000036 00000000 0000001A 00000EFF 00000000 00000000 00000000 00000505 00080000 0001DA31 0002FF42 0004D973 00000000 FFFFFFFC 00000036 
02A 11C31 00000000 00000101 00000000 0000001A 00000EFF 00000000 00000000 00000000 00000505 00080000 0001DA31 0002FF42 0004D973 00000000 FFFFFFFC 00000036 
02C 00A00 00000000 00000101 00000000 0000001A 00000EFF 00000000 00000000 00000000 00000505 00080000 0001DA31 0002FF42 0004D973 00000000 FFFFFFFC 00000036 
02D 00A0B 00000000 00000101 00000000 0000001A 00000EFF 00000000 00000000 00000000 00000505 00080000 00000000 0002FF42 0004D973 00000000 FFFFFFFC 00000036 
02E 00B00 00000000 00000101 00000000 0000001A 00000EFF 00000000 00000000 00000000 00000505 00080000 0002FF42 0002FF42 0004D973 00000000 FFFFFFFC 00000036 
02F 00B0C 00000000 00000101 00000000 0000001A 00000EFF 00000000 00000000 00000000 00000505 00080000 0002FF42 00000000 0004D973 00000000 FFFFFFFC 00000036 
030 00331 00000000 00000001 00000000 0000001A 00000EFF 00000000 00000000 00000000 00000505 00080000 0002FF42 0004D973 0004D973 00000000 FFFFFFFC 00000036 
032 14C01 00000000 0000000A 00000000 0000001B 00000EFF 00000000 00000000 00000000 00000505 00080000 0002FF42 0004D973 0004D973 00000000 FFFFFFFC 00000036 
034 0FF10 00000000 00000024 00000000 0000001B 00000EFF 00000000 00000000 00000000 00000505 00080000 0002FF42 0004D973 0004D973 00000000 FFFFFFFC 00000036 
024 0C134 00000000 00000036 00000000 0000001B 00000EFF 00000000 00000000 00000000 00000505 00080000 0002FF42 0004D973 0004D973 00000000 FFFFFFFC 00000036 
026 00C00 00000000 00000036 00000000 0000001B 00000EFF 00000000 00000000 00000000 00000505 00080000 0002FF42 0004D973 0004D973 00000000 FFFFFFFC 00000036 
027 00CAB 00000000 00000036 00000000 0000001B 00000EFF 00000000 00000000 00000000 00000505 00080000 0002FF42 0004D973 00000000 00000000 FFFFFFFC 00000036 
028 0C1C9 00000000 00000036 00000000 0000001B 00000EFF 00000000 00000000 00000000 00000505 00080000 0002FF42 0004D973 0007D8B5 00000000 FFFFFFFC 00000036 
02A 11C31 00000000 00000101 00000000 0000001B 00000EFF 00000000 00000000 00000000 00000505 00080000 0002FF42 0004D973 0007D8B5 00000000 FFFFFFFC 00000036 
02C 00A00 00000000 00000101 00000000 0000001B 00000EFF 00000000 00000000 00000000 00000505 00080000 0002FF42 0004D973 0007D8B5 00000000 FFFFFFFC 00000036 
02D 00A0B 00000000 00000101 00000000 0000001B 00000EFF 00000000 00000000 00000000 00000505 00080000 00000000 0004D973 0007D8B5 00000000 FFFFFFFC 00000036 
02E 00B00 00000000 00000101 00000000 0000001B 00000EFF 00000000 00000000 00000000 00000505 00080000 0004D973 0004D973 0007D8B5 00000000 FFFFFFFC 00000036 
02F 00B0C 00000000 00000101 00000000 0000001B 00000EFF 00000000 00000000 00000000 00000505 00080000 0004D973 00000000 0007D8B5 00000000 FFFFFFFC 00000036 
030 00331 00000000 00000001 00000000 0000001B 00000EFF 00000000 00000000 00000000 00000505 00080000 0004D973 0007D8B5 0007D8B5 00000000 FFFFFFFC 00000036 
032 14C01 00000000 0000000A 00000000 0000001C 00000EFF 00000000 00000000 00000000 00000505 00080000 0004D973 0007D8B5 0007D8B5 00000000 FFFFFFFC 00000036 
034 0FF10 00000000 00000024 00000000 0000001C 00000EFF 00000000 00000000 00000000 00000505 00080000 0004D973 0007D8B5 0007D8B5 00000000 FFFFFFFC 00000036 
024 0C134 00000000 00000036 00000000 0000001C 00000EFF 00000000 00000000 00000000 00000505 00080000 0004D973 0007D8B5 0007D8B5 00000000 FFFFFFFC 00000036 
026 00C00 00000000 00000036 00000000 0000001C 00000EFF 00000000 00000000 00000000 00000505 00080000 0004D973 0007D8B5 0007D8B5 00000000 FFFFFFFC 00000036 
027 00CAB 00000000 00000036 00000000 0000001C 00000EFF 00000000 00000000 00000000 00000505 00080000 0004D973 0007D8B5 00000000 00000000 FFFFFFFC 00000036 
028 0C1C9 00000000 00000036 00000000 0000001C 00000EFF 00000000 00000000 00000000 00000505 00080000 0004D973 0007D8B5 000CB228 00000000 FFFFFFFC 00000036 
036 10AE1 00000000 00000000 00000000 0000001C 00000EFF 00000000 00000000 00000000 00000505 00080000 0004D973 0007D8B5 000CB228 00000000 FFFFFFFC 00000036 
038 10BE1 00000000 00000001 00000000 0000001C 00000EFF 00000000 00000000 00000000 00000505 00080000 00000000 0007D8B5 000CB228 00000000 FFFFFFFC 00000036 
03A 10CE1 00000000 00000002 00000000 0000001C 00000EFF 00000000 00000000 00000000 00000505 00080000 00000000 00000000 000CB228 00000000 FFFFFFFC 00000036 
03C 10FE1 00000000 00000003 00000000 0000001C 00000EFF 00000000 00000000 00000000 00000505 00080000 00000000 00000000 00000000 00000000 FFFFFFFC 00000036 
03E 00EE1 00000000 00000004 00000000 0000001C 00000EFF 00000000 00000000 00000000 00000505 00080000 00000000 00000000 00000000 00000000 FFFFFFFC 00000000 
040 15000 00000000 00000004 00000000 0000001C 00000EFF 00000000 00000000 00000000 00000505 00080000 00000000 00000000 00000000 00000000 00000000 00000000 
