00701
00001
14700
14701
00001
14701
00002
00901
0003E
14901
00006
00701
00080
10301
00100
0C103
00054
0C137
00054
00401
00800
00701
00001
14701
0000E
00800
FFF01
00007
00200
14701
00001
00701
00080
00901
00048
14901
00006
10301
00101
0C103
00054
0C137
00054
00401
00882
00701
00001
14701
0000E
00800
FFF01
00007
FFF00
14701
00001
11200
10F00
0E11F
00051
10F01
00102
15000
090F7
00047
00480
10704
00227
00881
00001
0FF10
0003E
12000
090F7
00047
00480
10704
00227
00881
00001
0FF10
00048
11201
00102
15000
15000
00000
00000
00000
00000
00000
00000
00000
00000
00000
00000
00000
00000
00000
00000
00000
00000
00000
00000
00000
00000
00000
00000
00000
00000
00000
00000
00000
00000
00000
00000
00000
00000
00000
00000
00000
00000
00000
00000
00000
00000
00000
00000
00000
00000
00000
00000
00000
00000
00000
00000
00000
00000
00000
00000
00000
00000
00000
00000
00000
00000
00000
00000
00000
00000
00000
00000
00000
00000
00000
00000
00000
00000
00000
00000
00000
00000
00000
00000
00000
00000
00000
00000
00000
00000
00000
00000
00000
00000
00000
00000
00000
00000
00000
00000
00000
00000
00000
00000
00000
00000
00000
00000
00000
00000
00000
00000
00000
00000
00000
00000
00000
00000
00000
00000
00000
00000
00000
00000
00000
00000
00000
00000
00000
00000
00000
00000
00000
00000
00000
00000
00000
00000
00000
00000
00000
00000
00000
00000
00000
00000
00000
00000
00000
00000
00000
00000
00000
00000
00000
00000
00000
00000
00000
00000
00000
00000
00000
00000
00000
00000
00000
00000
00000
00000
00000
00000
00000
00000
00000
00000
00000
00002
00005
