00901
00001
14901
00002
06E91
0000B
00901
0002D
14901
00006
00301
00001
00401
00EFF
00A01
00001
11A01
00100
00B01
00001
11B01
00101
00901
00001
06991
00013
0FF10
0001C
0C134
0002C
00C00
00CAB
0C1C9
0002C
11C31
00101
00A00
00A0B
00B00
00B0C
00331
00001
0FF10
0001C
15000
13801
00009
06881
00001
04881
00001
14801
00009
00801
000FF
14801
00015
00801
00001
14801
00016
13801
00014
00881
00101
14801
00014
14001
00005
12000
00000
00000
00000
00000
00000
00000
00000
00000
00000
00000
00000
00000
00000
00000
00000
00000
00000
00000
00000
00000
00000
00000
00000
00000
00000
00000
00000
00000
00000
00000
00000
00000
00000
00000
00000
00000
00000
00000
00000
00000
00000
00000
00000
00000
00000
00000
00000
00000
00000
00000
00000
00000
00000
00000
00000
00000
00000
00000
00000
00000
00000
00000
00000
00000
00000
00000
00000
00000
00000
00000
00000
00000
00000
00000
00000
00000
00000
00000
00000
00000
00000
00000
00000
00000
00000
00000
00000
00000
00000
00000
00000
00000
00000
00000
00000
00000
00000
00000
00000
00000
00000
00000
00000
00000
00000
00000
00000
00000
00000
00000
00000
00000
00000
00000
00000
00000
00000
00000
00000
00000
00000
00000
00000
00000
00000
00000
00000
00000
00000
00000
00000
00000
00000
00000
00000
00000
00000
00000
00000
00000
00000
00000
00000
00000
00000
00000
00000
00000
00000
00000
00000
00000
00000
00000
00000
00000
00000
00000
00000
00000
00000
00000
00000
00000
00000
00000
00000
00000
00000
00000
00000
00000
00000
00000
00000
00000
00000
00000
00000
00000
00000
00000
00000
00000
00000
00000
00001
00001
00002
00003
00005
00008
0000D
00015
00022
00037
00059
00090
000E9
00179
00262
003DB
0063D
00A18
01055
01A6D
02AC2
0452F
06FF1
0B520
12511
1DA31
2FF42
4D973
7D8B5
